987265
19182
88845
896603
356389
264157
957477
158391
428714
114813
109985
948639
587768
381510
94922
242030
68889
72552
978870
11279
218566
122943
527961
683454
517496
38933
287111
69037
312134
372200
595779
423270
919574
588841
439877
459977
746446
633236
134222
706120
580409
723022
418394
654159
23035
512694
99203
196306
152162
939577
506971
13294
858914
251996
639247
232252
660529
375493
66293
634630
746478
517555
701246
987307
408760
620202
376276
358699
70987
120553
27376
292110
31543
53391
407770
322770
525767
75901
31810
704362
793952
745282
800074
512217
808471
30886
391038
32148
480639
409075
898190
654698
261550
642539
946089
153652
870019
52293
712676
885489
427951
66124
239276
894058
155286
246903
599448
78174
651317
19016
341061
205423
412052
436698
902531
446574
510582
358882
610210
12410
172126
541027
735469
274964
326813
79725
679920
158639
940622
696625
102975
116066
491533
853287
807351
763529
589087
960193
799925
802723
201975
423832
944499
756682
654247
143168
620047
37574
176304
945804
257500
189619
451631
73944
723386
5529
378635
854105
206921
93924
852133
502988
101962
451089
12991
898180
318106
265726
897674
683985
441831
948352
134579
368059
465789
702454
776969
485675
597122
271843
167455
598031
745264
817490
963346
743756
512932
979906
607507
896154
135598
691386
234539
770546
566093
827388
639512
716556
234644
796046
196404
754264
354601
282907
557954
874193
605696
33276
37133
925696
717974
934443
215833
836739
678144
151529
640253
443654
347001
664715
747367
114835
458453
850036
569671
407957
319888
311561
246709
110719
435181
352180
938553
170258
810613
175622
691786
316801
57757
737458
514509
960155
897898
798167
733823
480168
843033
15958
58181
506910
669920
384100
35978
409100
877001
932852
953510
785655
696809
922738
406683
47350
904863
721055
96475
100523
965071
846897
338986
666758
517609
291540
759205
646157
505311
128449
364889
258813
720114
979136
883574
33331
552867
383721
661591
682639
872911
392020
211940
663981
839706
793713
234647
95765
861025
783045
282190
440198
777428
417905
390018
652205
556146
792593
883152
902858
509426
447241
971087
447177
346986
495600
256313
221200
230168
184291
911147
955512
584901
443157
163699
492451
160781
82171
296378
881864
714501
398668
43203
174719
972139
269558
268558
513780
743969
709785
747830
618120
475753
936309
810978
460647
132806
278829
441312
512480
970060
841639
826361
789282
497811
454948
365473
924209
410748
418608
268768
439650
473208
876638
468982
76776
415150
314285
896763
652223
964140
125033
613951
469772
384805
572885
784427
311224
579781
669748
937602
409958
339688
769921
168137
808523
140151
141041
538361
739149
65420
543730
294441
757939
328622
724937
657004
352770
449267
147424
650035
733904
114460
605975
816696
887254
577678
905908
954967
652050
36425
765970
805576
751213
968092
502336
489667
834167
70024
685820
500429
26800
598436
46531
314107
834989
352303
976950
462542
999088
371171
337880
986000
539996
750641
876335
545881
602300
463964
653309
714510
507603
987967
34709
450327
778320
808962
46790
309853
771007
968334
412853
835368
942003
610317
881595
691098
92921
152950
757939
245599
672897
70130
872579
905684
588665
219285
107484
535227
727149
9224
45847
481181
20455
154234
180184
143698
158525
615057
221857
628610
848240
86240
416566
633751
528381
27436
756191
20758
878861
992230
918902
527498
633325
305035
347208
667663
538513
474408
475182
82112
656470
593882
511208
166592
902480
546815
992449
557987
622367
464607
793057
222033
9419
844413
616630
82934
159006
395758
636729
430720
252861
43787
866455
335558
651876
265430
475162
449038
528915
748147
81315
453138
150411
23437
308163
706900
879966
94627
292128
575767
644516
3570
229314
196938
238268
783655
322209
256500
896388
713909
732186
107755
260212
399910
388349
263684
402329
518873
563432
180750
793980
31905
397915
804621
143598
44269
362679
484318
497498
853328
633850
2345
985686
939144
716975
120126
689361
31162
841185
763109
894325
557102
15060
312439
505382
160640
767578
26493
439269
889663
778260
965770
900907
962912
625660
84395
527365
56884
448223
342778
596162
748610
363417
602410
886727
518976
740602
565927
806351
344699
604525
672589
951870
270799
521171
358553
607129
507883
62548
547608
334694
566036
946850
845427
908225
355380
675290
407976
375714
425053
483231
254850
512746
317130
191039
90401
501022
247575
49743
268494
661349
43318
395838
505891
496135
399862
915614
803624
509056
123299
508125
325203
406801
653166
472233
103355
80966
756860
68512
954481
271303
426832
110836
99366
47190
999937
871674
856940
757804
591116
900314
187302
426198
375506
997387
31717
426248
638830
775284
768576
654218
766820
635291
688250
40478
826040
367956
930783
275600
510124
441007
607818
301593
244213
590
463450
108536
996968
560344
348831
90647
686720
189186
135684
651671
280630
422863
692107
942978
885555
650791
559198
535635
678684
459950
138555
470264
309484
795557
301397
723390
650491
424065
791416
802822
349216
197628
65098
629590
505022
682236
451648
286357
242874
839584
985115
442483
685353
420195
594874
888849
38511
941012
133247
332005
244522
749268
109943
519957
241275
996148
444595
626766
643937
760778
237051
142371
685779
872466
775464
280872
28049
508331
757726
525231
747023
404596
428379
831328
915326
536135
176947
639737
988136
974875
929250
646145
773369
211965
877695
775905
796479
426375
200806
215506
568506
872437
184379
973618
117601
253281
645898
373613
58320
745364
499341
426578
180974
530456
185997
370133
463364
383103
233972
563075
557613
789698
304755
516296
657834
871097
532821
816819
654709
305614
675882
957543
762739
748257
376653
197345
327730
820691
228203
604108
259705
534502
37520
99716
523618
721343
939182
73225
99763
810262
705385
688022
564423
138939
939939
82029
519168
727480
653586
587424
783141
605352
433809
146164
664568
514053
244861
547887
494183
472001
411832
468288
352259
644240
885919
281082
421097
107587
463802
902255
438102
433711
48245
745692
409576
233562
222358
586109
65959
727094
174829
97386
321805
972125
333388
989725
48246
148925
168888
76877
840373
294927
489005
800648
311682
340574
366560
635282
486468
949235
192933
600606
155464
797298
645709
628963
196645
551069
763746
74616
629858
253507
607172
73397
261126
549312
537945
832683
954274
258229
510249
457840
353098
432093
101629
345930
155118
657663
691321
394347
931496
275641
307234
875551
523056
338450
810769
271646
695307
883319
772998
752851
687168
46944
515436
140341
459139
625515
591946
636833
34861
937938
511446
164930
369232
911413
186793
930931
824939
870495
901364
99242
799979
688470
651046
56802
261393
526932
847319
516038
723851
320743
400783
441091
43605
24207
171438
880465
451280
538056
524735
148942
66954
251792
232550
787738
694185
470727
580254
218749
836540
399084
400647
153417
425171
572634
748053
139797
575498
694606
76123
829486
500538
537884
659256
180166
969209
481907
729205
353066
815103
47558
894252
569656
909856
7747
181023
19777
921624
481928
17861
964216
262816
140870
894953
61763
411740
419343
530514
883125
689302
431950
43538
660885
77847
874708
677889
759199
899405
93836
659253
326791
778879
768276
142410
736231
146490
986483
143753
225808
386952
666689
788239
361665
763384
682631
905628
894914
517332
182391
73353
302492
128750
48193
857244
938950
587354
955484
309362
643871
585979
55551
861527
596510
832326
247364
444152
408212
264799
521339
576137
28986
71997
380669
269447
674106
739636
750104
225122
681571
141710
225045
89491
149409
434472
30287
425100
547058
876428
714978
493076
611338
678846
919014
184186
185961
176627
917501
816360
289895
834755
111354
693682
818926
260912
34040
960369
479161
841555
835338
765843
558287
106450
671724
62591
818028
568495
166001
439648
840702
36661
817112
390523
678832
403475
565539
795037
831663
941922
699375
893668
791510
653663
592075
978386
870743
519342
797309
584446
948629
448752
805721
206086
13232
706270
585008
661788
548727
786992
912585
898776
201642
483488
893289
760621
893716
644092
103141
259098
736668
968415
455479
300018
59704
755297
964404
755187
769991
428987
933746
557476
556580
595954
281160
971908
974253
742729
907012
990058
680854
202796
820012
500977
915617
459218
702423
882794
553692
520795
797029
771187
84915
110610
293971
231682
499127
163806
434004
860340
196460
991007
829423
25089
612770
688222
718336
778521
377655
670691
412298
560153
65997
840697
949255
120930
308279
58345
157391
33387
441844
823123
222571
257273
336328
362307
860920
258434
456507
54789
850065
40502
491167
172056
841244
299309
474284
381879
131208
79980
216067
290058
307756
845929
727194
553528
322327
940686
466042
265968
205289
971015
859262
364639
463488
401517
958765
975123
239979
646516
247258
185298
846973
983164
836661
798226
880866
527029
903042
937520
2096
251884
177399
510553
660806
288273
394367
235498
41511
568407
231513
316434
174618
491480
367890
513605
414453
406683
872286
991834
9514
425358
215847
487851
303191
299145
51338
579320
918434
689192
404916
909428
928761
670604
970557
525076
275422
277138
699703
105055
134444
388045
982970
144037
752628
42203
467946
128769
121702
175418
183632
256095
98081
393308
30037
852428
527050
811860
508203
460638
798886
786830
177743
897873
371130
853766
333740
49338
940508
968574
473495
123468
633906
1329
558656
351140
623129
969957
180189
662666
375899
207547
298387
926986
376822
681376
777491
117750
961141
813357
487561
516670
433530
14520
130047
437907
806124
728986
972379
672118
404820
768510
448455
628025
204685
376320
303556
171234
396192
529337
688793
203510
692703
458019
268339
603471
860258
318346
261862
328567
379507
820050
125963
254825
241369
272555
595938
300686
287359
551627
935112
129048
886481
933445
311594
488316
906778
238206
702167
275941
249018
774600
342362
417962
632480
627619
127670
126680
772658
950203
680249
851172
708653
127984
742181
385973
186089
428949
393162
437481
976244
497403
452192
946351
110536
470811
133936
710512
821512
252265
669260
117817
812402
830369
963124
76482
391215
198261
47858
812450
939609
622460
442362
892786
75613
376596
650184
861012
316560
996376
475302
471179
406448
542059
747944
418047
346202
103612
469774
374315
82852
499395
127207
24772
235722
660419
974096
544754
250499
839446
804166
754834
370838
662538
292225
963229
973865
321425
60979
103130
54106
759086
569517
256179
148296
575350
370213
954072
97737
537524
958512
930698
168495
593809
481587
199897
997873
334258
984805
826548
721518
745743
165842
494501
904951
66909
887685
953083
790150
75005
472191
307273
454394
287402
533032
379629
404446
390823
15743
82470
280501
472239
491133
685654
684982
543286
47497
530840
190307
788403
94971
156790
67753
118516
177832
638970
838731
308600
770580
253951
912039
434749
159515
579705
940489
76265
545582
203643
